image: lab_test_0.pgm
resolution: 0.050000
origin: [21.200000, -10.000000, 1.57]
negate: 0
occupied_thresh: 0.65
free_thresh: 0.196

