image: TDU_0113_2.pgm
resolution: 0.050000
origin: [-3.339047, -36.109169, 0.000000]
negate: 0
occupied_thresh: 0.65
free_thresh: 0.196

