image: TDU_0113_1.pgm
resolution: 0.050000
origin: [-4.279768, -1.593852, 0.000000]
negate: 0
occupied_thresh: 0.65
free_thresh: 0.196

